ROOT 1 -2 4 -5 3                  
 ¦--  1 2 4 -5 3                  
 ¦   °--  2DRAW 1 2 4 5 3         
 ¦--  1 -2 4 5 3                  
 ¦   ¦--  4DRAW 1 2 4 5 3         
 ¦   °--  1 -5 -4 2 3             
 ¦       °--  1 -5 -4 -3 -2       
 ¦           °--  7+WIN 1 2 3 4 5 
 °--  1 5 -4 2 3                  
     ¦--  9DUP 1 -5 -4 2 3        
     ¦   °--  10DUP 1 -5 -4 -3 -2 
     ¦       °--  11+WIN 1 2 3 4 5
     °--  1 5 -4 -3 -2            
         ¦--  1 2 3 4 -5          
         ¦   °--  14+WIN 1 2 3 4 5
         °--  15DUP 1 -5 -4 -3 -2 
             °--  16+WIN 1 2 3 4 5
