ROOT 1 -2 -4 5 3                  
 ¦--  1 2 -4 5 3                  
 ¦   ¦--  2DRAW 1 2 4 5 3         
 ¦   °--  1 2 -4 -3 -5            
 ¦       °--  1 2 3 4 -5          
 ¦           °--  5+WIN 1 2 3 4 5 
 ¦--  1 -2 4 5 3                  
 ¦   ¦--  7DRAW 1 2 4 5 3         
 ¦   °--  1 -5 -4 2 3             
 ¦       °--  1 -5 -4 -3 -2       
 ¦           °--  10+WIN 1 2 3 4 5
 ¦--  1 -5 4 2 3                  
 ¦   °--  12DUP 1 -5 -4 2 3       
 ¦       °--  13DUP 1 -5 -4 -3 -2 
 ¦           °--  14+WIN 1 2 3 4 5
 °--  1 -2 -4 -3 -5               
     °--  16DUP 1 2 -4 -3 -5      
         °--  17DUP 1 2 3 4 -5    
             °--  18+WIN 1 2 3 4 5
