ROOT -1 2 -4 5 3                  
 ¦--  1 2 -4 5 3                  
 ¦   ¦--  2DRAW 1 2 4 5 3         
 ¦   °--  1 2 -4 -3 -5            
 ¦       °--  1 2 3 4 -5          
 ¦           °--  5+WIN 1 2 3 4 5 
 ¦--  -1 2 4 5 3                  
 ¦   °--  7DRAW 1 2 4 5 3         
 °--  -1 2 -4 -3 -5               
     ¦--  9DUP 1 2 -4 -3 -5       
     ¦   °--  10DUP 1 2 3 4 -5    
     ¦       °--  11+WIN 1 2 3 4 5
     °--  -1 2 3 4 -5             
         ¦--  13DUP 1 2 3 4 -5    
         ¦   °--  14+WIN 1 2 3 4 5
         °--  -1 2 3 4 5          
             °--  16+WIN 1 2 3 4 5
