ROOT 1 -2 -5 3 -4                 
 ¦--  1 2 -5 3 -4                 
 ¦   °--  1 2 -5 3 4              
 ¦       °--  1 2 -5 -4 -3        
 ¦           °--  4+WIN 1 2 3 4 5 
 ¦--  1 5 2 3 -4                  
 ¦   ¦--  1 -3 -2 -5 -4           
 ¦   ¦   °--  1 2 3 -5 -4         
 ¦   ¦       °--  8+WIN 1 2 3 4 5 
 ¦   °--  9DRAW 1 5 2 3 4         
 °--  1 -2 -5 3 4                 
     ¦--  11DUP 1 2 -5 3 4        
     ¦   °--  12DUP 1 2 -5 -4 -3  
     ¦       °--  13+WIN 1 2 3 4 5
     ¦--  14DRAW 1 5 2 3 4        
     °--  1 -2 -5 -4 -3           
         °--  16DUP 1 2 -5 -4 -3  
             °--  17+WIN 1 2 3 4 5
