ROOT -1 2 -3 5 4                  
 ¦--  1 2 -3 5 4                  
 ¦   ¦--  2DRAW 1 2 3 5 4         
 ¦   °--  1 2 -5 3 4              
 ¦       °--  1 2 -5 -4 -3        
 ¦           °--  5+WIN 1 2 3 4 5 
 ¦--  -1 2 3 5 4                  
 ¦   °--  7DRAW 1 2 3 5 4         
 °--  -1 2 -5 3 4                 
     ¦--  9DUP 1 2 -5 3 4         
     ¦   °--  10DUP 1 2 -5 -4 -3  
     ¦       °--  11+WIN 1 2 3 4 5
     °--  -1 2 -5 -4 -3           
         ¦--  13DUP 1 2 -5 -4 -3  
         ¦   °--  14+WIN 1 2 3 4 5
         °--  -1 2 3 4 5          
             °--  16+WIN 1 2 3 4 5
