ROOT -1 -2 -4 3 5                 
 ¦--  -1 4 2 3 5                  
 ¦   °--  -4 1 2 3 5              
 ¦       ¦--  -4 -3 -2 -1 5       
 ¦       ¦   °--  4+WIN 1 2 3 4 5 
 ¦       °--  -3 -2 -1 4 5        
 ¦           °--  6+WIN 1 2 3 4 5 
 ¦--  -1 -2 -4 -3 5               
 ¦   °--  -1 -2 3 4 5             
 ¦       °--  -1 2 3 4 5          
 ¦           °--  10+WIN 1 2 3 4 5
 °--  -1 -2 -3 4 5                
     °--  12DUP -1 -2 3 4 5       
         °--  13DUP -1 2 3 4 5    
             °--  14+WIN 1 2 3 4 5
